year,size,distance
1968,15,20.54
1968,12,20.12
1968,11,20.09
1968,10,20
1968,10,19.43
1968,10,19.28
1968,10,19.03
1968,10,18.8
1968,10,18.79
1968,10,18.65
1968,10,18.18
1968,10,18.14
1964,15,20.33
1964,12,20.2
1964,11,19.39
1964,10,19.2
1964,10,18.88
1964,10,18.86
1964,10,18.52
1964,10,18.41
1964,10,18.2
1964,10,18.11
1964,10,17.29
1964,10,17.11
1964,10,16.87
1912,15,15.34
1912,12,15.25
1912,11,13.93
1912,10,13.65
1912,10,13.13
1912,10,12.81
1912,10,12.53
1912,10,12.41
1912,10,12.4
1912,10,12.05
1912,10,11.57
1912,10,11.44
1912,10,11.16
1912,10,11.15
1912,10,11.11
1912,10,11.04
1912,10,10.9
1912,10,10.63
1912,10,10.44
1912,10,10.33
1912,10,9.41
1992,15,21.7
1992,12,20.96
1992,11,20.94
1992,10,20.91
1992,10,20.49
1992,10,20.48
1992,10,20.32
1992,10,20.23
1992,10,19.88
1992,10,19.75
1992,10,19.62
1992,10,19.32
2008,15,21.51
2008,12,21.09
2008,11,21.04
2008,10,20.63
2008,10,20.53
2008,10,20.42
2008,10,20.41
2008,10,20.06
1984,15,21.26
1984,12,21.09
1984,11,20.97
1984,10,20.93
1984,10,20.28
1984,10,19.98
1984,10,19.81
1984,10,19.65
1984,10,18.98
1984,10,18.69
1984,10,18.39
1984,10,18.31
1952,15,17.41
1952,12,17.39
1952,11,17.06
1952,10,16.78
1952,10,16.55
1952,10,16.19
1952,10,16.06
1952,10,16.02
1952,10,15.92
1952,10,15.08
1952,10,14.84
1952,10,14.74
1952,10,14.45
1960,15,19.68
1960,12,19.11
1960,11,19.01
1960,10,17.9
1960,10,17.8
1960,10,17.57
1960,10,17.47
1960,10,17.43
1960,10,17.39
1960,10,17.36
1960,10,17.06
1960,10,16.98
1960,10,16.73
1960,10,16.67
1960,10,16.18
1996,15,21.62
1996,12,20.79
1996,11,20.75
1996,10,20.74
1996,10,20.51
1996,10,20.45
1996,10,20.39
1996,10,20.07
1996,10,19.79
1996,10,19.33
1996,10,19.3
2012,15,21.89
2012,12,21.86
2012,11,21.23
2012,10,21.19
2012,10,20.93
2012,10,20.84
2012,10,20.71
2012,10,20.69
2012,10,20.64
2012,10,20.61
2012,10,20.41
2012,10,19.99
1936,15,16.2
1936,12,16.12
1936,11,15.66
1936,10,15.45
1936,10,15.38
1936,10,15.32
1988,15,22.47
1988,12,22.39
1988,11,21.99
1988,10,21.4
1988,10,20.57
1988,10,20.38
1988,10,20.36
1988,10,20.36
1988,10,20.16
1988,10,19.91
1988,10,19.89
1988,10,19.51
2004,15,21.16
2004,12,21.07
2004,11,20.84
2004,10,20.6
2004,10,20.34
2004,10,20.31
2004,10,20.26
2004,10,20.19
2004,10,19.92
2004,10,19.34
2004,10,19.21
1908,15,14.08
1900,15,14.1
1900,12,12.07
1900,11,11.52
1900,10,14.1
1900,10,12.85
1900,10,12.35
1900,10,12.05
1900,10,11.29
1900,10,11.18
1900,10,11.13
1900,10,10.86
1900,10,10.76
2000,15,21.29
2000,12,21.21
2000,11,21.2
2000,10,20.87
2000,10,20.84
2000,10,20.55
2000,10,20.32
2000,10,20.18
2000,10,19.48
2000,10,19.39
2000,10,19.06
2000,10,18.64
1932,15,16
1932,12,15.67
1932,11,15.61
1932,10,15.56
1932,10,15.46
1932,10,15.07
1932,10,14.67
1932,10,14.53
1932,10,14.49
1932,10,14.22
1932,10,13.96
1932,10,13.91
1932,10,13.14
1932,10,11.21
1924,15,14.995
1924,12,14.895
1924,11,14.64
1924,10,14.45
1924,10,14.29
1924,10,14.265
2016,15,22.52
2016,12,21.78
2016,11,21.36
2016,10,21.2
2016,10,21.02
2016,10,20.72
2016,10,20.64
2016,10,20.64
2016,10,20.5
2016,10,20.45
2016,10,20.04
1980,15,21.35
1980,12,21.08
1980,11,21.06
1980,10,20.82
1980,10,20.5
1980,10,20.32
1980,10,20.24
1980,10,20.07
1980,10,19.93
1980,10,19.55
1980,10,19.07
1980,10,18.9
1904,15,14.81
1904,12,14.4
1904,11,13.37
1904,10,12.8
